131
168
180
297
328
355
364
392
411
451
459
588
685
758
965
1000
1025
1054
1145
1202
1248
1286
1301
1316
1359
1372
1418
1842
1902
2137
2223
2267
2278
2323
2327
2345
2629
2718
3019
3081
3133
3155
3270
3338
3710
3851
4051
4072
4072
4078
4155
4195
4371
4407
4654
4656
4690
4744
4848
4854
4895
4928
4955
4963
5099
5191
5249
5282
5295
5460
5499
5527
5568
5598
5772
5790
5820
6015
6041
6287
6322
6364
6493
6588
6591
6842
6939
6952
7016
7025
7115
7168
7248
7334
7350
7402
7410
7452
7604
7786
7973
7994
8003
8140
8294
8370
8370
8439
8439
8571
8640
8694
8755
8840
8843
8926
8984
9007
9189
9232
9285
9341
9389
9404
9465
9470
9473
9506
9518
9602
9673
9677
9842
9871
10006
10210
10253
10253
10347
10444
10536
10574
10689
10878
10925
10939
10988
11198
11265











Counter: 25657